,n_models,batch,mean,std
0,2,64,0.8956471386740805,0.05167127576898289
1,2,128,0.9095345856069378,0.043058145760309155
2,2,256,0.9189458003165916,0.04097557710841119
3,2,512,0.9195776867085974,0.04319540538525834
4,2,1024,0.9249275720683224,0.04042699658806447
5,3,64,0.8994801009957617,0.04914388695028175
6,3,128,0.9119929843996664,0.04196186814465203
7,3,256,0.921312994325756,0.039687399316842537
8,3,512,0.9219408022901984,0.04215511046113371
9,3,1024,0.9275438746616984,0.039155950992946366
10,4,64,0.9014482337464849,0.0479990134893427
11,4,128,0.9134661714909043,0.0413692436059101
12,4,256,0.9225191419053441,0.03935615823177833
13,4,512,0.923526851709709,0.04154651315422688
14,4,1024,0.9289399051685976,0.03854423831407643
15,5,64,0.9033296582352204,0.046617807355684875
16,5,128,0.9145409723320651,0.04049393976811941
17,5,256,0.9232515464304287,0.03907955237944257
18,5,512,0.9246334329304409,0.040844870297352336
19,5,1024,0.9298876223891731,0.03780701682461424
20,6,64,0.904263122012073,0.0459228285395689
21,6,128,0.9153727849630621,0.03994567043359005
22,6,256,0.9236562928239762,0.038949144877055975
23,6,512,0.9253525066764391,0.040746571000039304
24,6,1024,0.9305058687616561,0.03762246818443241
25,7,64,0.905003830887525,0.04558287505838346
26,7,128,0.9160173212558121,0.03929145781898963
27,7,256,0.9241789074235748,0.038723192151999784
28,7,512,0.9260787505131042,0.040160589956855355
29,7,1024,0.9311058986944828,0.037290280591540347
30,8,64,0.9058870879320888,0.044976993123508474
31,8,128,0.9166531232675061,0.038783551119528234
32,8,256,0.9243936722449826,0.03861417511666909
33,8,512,0.9266251715727172,0.040024469852574684
34,8,1024,0.9317073836592709,0.03681525300094426
35,9,64,0.9063344567489676,0.04464738616605322
36,9,128,0.9173309641687685,0.03826163466273731
37,9,256,0.9246862304475123,0.038436448442945755
38,9,512,0.9273006812960284,0.039494838522498105
39,9,1024,0.9320444609314567,0.036724339384650445
40,10,64,0.906999934652414,0.04424907096688737
41,10,128,0.9176247707701588,0.0379606466554998
42,10,256,0.9249277145125321,0.03863110865729955
43,10,512,0.927911618441513,0.03937869370062039
44,10,1024,0.9325502648790438,0.036374263455395
